segment = 2 pixels(no margin) width = 4; height = 7;
add(new Integer[]{-1,3,3,-1,3,-1,-1,3,3,-1,-1,3,-1,-1,-1,-1,3,-1,-1,3,3,-1,-1,3,-1,3,3,-1});
add(new Integer[]{-1,-1,-1,-1,-1,-1,-1,3,-1,-1,-1,3,-1,-1,-1,-1,-1,-1,-1,3,-1,-1,-1,3,-1,-1,-1,-1});
add(new Integer[]{-1,3,3,-1,-1,-1,-1,3,-1,-1,-1,3,-1,3,3,-1,3,-1,-1,-1,3,-1,-1,-1,-1,3,3,-1,});
add(new Integer[]{-1,3,3,-1,-1,-1,-1,3,-1,-1,-1,3,-1,3,3,-1,-1,-1,-1,3,-1,-1,-1,3,-1,3,3,-1,});
add(new Integer[]{-1,-1,-1,-1,3,-1,-1,3,3,-1,-1,3,-1,3,3,-1,-1,-1,-1,3,-1,-1,-1,3,-1,-1,-1,-1,});
add(new Integer[]{-1,3,3,-1,3,-1,-1,-1,3,-1,-1,-1,-1,3,3,-1,-1,-1,-1,3,-1,-1,-1,3,-1,3,3,-1,});
add(new Integer[]{-1,3,3,-1,3,-1,-1,-1,3,-1,-1,-1,-1,3,3,-1,3,-1,-1,3,3,-1,-1,3,-1,3,3,-1,});
add(new Integer[]{-1,3,3,-1,-1,-1,-1,3,-1,-1,-1,3,-1,-1,-1,-1,-1,-1,-1,3,-1,-1,-1,3,-1,-1,-1,-1,});
add(new Integer[]{-1,3,3,-1,3,-1,-1,3,3,-1,-1,3,-1,3,3,-1,3,-1,-1,3,3,-1,-1,3,-1,3,3,-1,});
add(new Integer[]{-1,3,3,-1,3,-1,-1,3,3,-1,-1,3,-1,3,3,-1,-1,-1,-1,3,-1,-1,-1,3,-1,3,3,-1,});


segment = 4 pixels(with margin) width = 8; height = 11;
add(new Integer[]{-1,-1,3,3,3,3,-1,-1,-1,3,-1,-1,-1,-1,3,-1,-1,3,-1,-1,-1,-1,3,-1,-1,3,-1,-1,-1,-1,3,-1,-1,3,-1,-1,-1,-1,3,-1,-1,-1,-1,-1,-1,-1,-1,-1,-1,3,-1,-1,-1,-1,3,-1,-1,3,-1,-1,-1,-1,3,-1,-1,3,-1,-1,-1,-1,3,-1,-1,3,-1,-1,-1,-1,3,-1,-1,-1,3,3,3,3,-1,-1});
add(new Integer[]{-1,-1,-1,-1,-1,-1,-1,-1,-1,-1,-1,-1,-1,-1,3,-1,-1,-1,-1,-1,-1,-1,3,-1,-1,-1,-1,-1,-1,-1,3,-1,-1,-1,-1,-1,-1,-1,3,-1,-1,-1,-1,-1,-1,-1,-1,-1,-1,-1,-1,-1,-1,-1,3,-1,-1,-1,-1,-1,-1,-1,3,-1,-1,-1,-1,-1,-1,-1,3,-1,-1,-1,-1,-1,-1,-1,3,-1,-1,-1,-1,-1,-1,-1,-1,-1});
add(new Integer[]{-1,-1,3,3,3,3,-1,-1,-1,-1,-1,-1,-1,-1,3,-1,-1,-1,-1,-1,-1,-1,3,-1,-1,-1,-1,-1,-1,-1,3,-1,-1,-1,-1,-1,-1,-1,3,-1,-1,-1,3,3,3,3,-1,-1,-1,3,-1,-1,-1,-1,-1,-1,-1,3,-1,-1,-1,-1,-1,-1,-1,3,-1,-1,-1,-1,-1,-1,-1,3,-1,-1,-1,-1,-1,-1,-1,-1,3,3,3,3,-1,-1});
add(new Integer[]{-1,-1,3,3,3,3,-1,-1,-1,-1,-1,-1,-1,-1,3,-1,-1,-1,-1,-1,-1,-1,3,-1,-1,-1,-1,-1,-1,-1,3,-1,-1,-1,-1,-1,-1,-1,3,-1,-1,-1,3,3,3,3,-1,-1,-1,-1,-1,-1,-1,-1,3,-1,-1,-1,-1,-1,-1,-1,3,-1,-1,-1,-1,-1,-1,-1,3,-1,-1,-1,-1,-1,-1,-1,3,-1,-1,-1,3,3,3,3,-1,-1});
add(new Integer[]{-1,-1,-1,-1,-1,-1,-1,-1,-1,3,-1,-1,-1,-1,3,-1,-1,3,-1,-1,-1,-1,3,-1,-1,3,-1,-1,-1,-1,3,-1,-1,3,-1,-1,-1,-1,3,-1,-1,-1,3,3,3,3,-1,-1,-1,-1,-1,-1,-1,-1,3,-1,-1,-1,-1,-1,-1,-1,3,-1,-1,-1,-1,-1,-1,-1,3,-1,-1,-1,-1,-1,-1,-1,3,-1,-1,-1,-1,-1,-1,-1,-1,-1});
add(new Integer[]{-1,-1,3,3,3,3,-1,-1,-1,3,-1,-1,-1,-1,-1,-1,-1,3,-1,-1,-1,-1,-1,-1,-1,3,-1,-1,-1,-1,-1,-1,-1,3,-1,-1,-1,-1,-1,-1,-1,-1,3,3,3,3,-1,-1,-1,-1,-1,-1,-1,-1,3,-1,-1,-1,-1,-1,-1,-1,3,-1,-1,-1,-1,-1,-1,-1,3,-1,-1,-1,-1,-1,-1,-1,3,-1,-1,-1,3,3,3,3,-1,-1});
add(new Integer[]{-1,-1,3,3,3,3,-1,-1,-1,3,-1,-1,-1,-1,-1,-1,-1,3,-1,-1,-1,-1,-1,-1,-1,3,-1,-1,-1,-1,-1,-1,-1,3,-1,-1,-1,-1,-1,-1,-1,-1,3,3,3,3,-1,-1,-1,3,-1,-1,-1,-1,3,-1,-1,3,-1,-1,-1,-1,3,-1,-1,3,-1,-1,-1,-1,3,-1,-1,3,-1,-1,-1,-1,3,-1,-1,-1,3,3,3,3,-1,-1});
add(new Integer[]{-1,-1,3,3,3,3,-1,-1,-1,-1,-1,-1,-1,-1,3,-1,-1,-1,-1,-1,-1,-1,3,-1,-1,-1,-1,-1,-1,-1,3,-1,-1,-1,-1,-1,-1,-1,3,-1,-1,-1,-1,-1,-1,-1,-1,-1,-1,-1,-1,-1,-1,-1,3,-1,-1,-1,-1,-1,-1,-1,3,-1,-1,-1,-1,-1,-1,-1,3,-1,-1,-1,-1,-1,-1,-1,3,-1,-1,-1,-1,-1,-1,-1,-1,-1});
add(new Integer[]{-1,-1,3,3,3,3,-1,-1,-1,3,-1,-1,-1,-1,3,-1,-1,3,-1,-1,-1,-1,3,-1,-1,3,-1,-1,-1,-1,3,-1,-1,3,-1,-1,-1,-1,3,-1,-1,-1,3,3,3,3,-1,-1,-1,3,-1,-1,-1,-1,3,-1,-1,3,-1,-1,-1,-1,3,-1,-1,3,-1,-1,-1,-1,3,-1,-1,3,-1,-1,-1,-1,3,-1,-1,-1,3,3,3,3,-1,-1});
add(new Integer[]{-1,-1,3,3,3,3,-1,-1,-1,3,-1,-1,-1,-1,3,-1,-1,3,-1,-1,-1,-1,3,-1,-1,3,-1,-1,-1,-1,3,-1,-1,3,-1,-1,-1,-1,3,-1,-1,-1,3,3,3,3,-1,-1,-1,-1,-1,-1,-1,-1,3,-1,-1,-1,-1,-1,-1,-1,3,-1,-1,-1,-1,-1,-1,-1,3,-1,-1,-1,-1,-1,-1,-1,3,-1,-1,-1,3,3,3,3,-1,-1});




Forces Display:

000000000000000000023200000300000002320000333000000232000333330000023200002320000033333000232000000333000023200000003000002320000000000000000000

0,0,0,0,0,0,0,0,0,0,0,0,0,0,0,0,0,0,0,2,3,2,0,0,0,0,0,3,0,0,0,0,0,0,0,2,3,2,0,0,0,0,3,3,3,0,0,0,0,0,0,2,3,2,0,0,0,3,3,3,3,3,0,0,0,0,0,2,3,2,0,0,0,0,2,3,2,0,0,0,0,0,3,3,3,3,3,0,0,0,2,3,2,0,0,0,0,0,0,3,3,3,0,0,0,0,2,3,2,0,0,0,0,0,0,0,3,0,0,0,0,0,2,3,2,0,0,0,0,0,0,0,0,0,0,0,0,0,0,0,0,0,0,0

height 9
width 16
